kB=1.381e-23;
hbar=1.055e-34;
h=6.626196e-34;

e=1.602e-19;

c=299792458;
a0=5.2917721092e-11;                                                        %²¨¶û°ë¾¶

me=9.109e-31;
m_e=9.109e-31;
mp=1.672621898e-27;

epsilon0=8.85e-12;
epsilon_0=8.85e-12;
mu0=4*pi*1e-7;
mu_0=4*pi*1e-7;

alpha=e^2/4/pi/epsilon0/c/hbar;

NA=6.02214e23;